120
1066    82
123     902
492     574
820     1435
328     1312
369     861
1517    82
1271    943
820     123
1312    1394
861     861
1435    328
984     1558
1476    615
1599    369
1230    533
328     1189
1107    246
861     615
1066    1189
1271    533
205     410
164     1066
328     1148
82      1517
1230    574
123     41
1312    1312
1353    656
820     1394
820     984
615     82
697     82
615     451
1517    492
205     1394
533     697
82      1025
1025    246
1353    1189
1476    1107
533     41
1517    410
902     1025
984     82
1476    82
1066    1107
738     1558
1435    41
1435    123
1271    492
1230    1476
943     1353
1148    820
656     246
902     1148
779     1599
287     697
984     123
369     656
533     1517
1599    656
1353    328
615     1517
492     1148
369     410
41      41
1189    1558
410     1394
1230    697
1435    164
902     451
82      943
1107    1271
123     410
328     205
1271    1476
697     1599
369     1435
615     41
1312    738
287     41
1066    1148
738     1066
779     984
738     902
1394    984
697     1476
369     1148
246     1476
779     656
656     82
82      1230
1025    574
533     943
246     1148
1394    902
1025    1353
1435    1312
492     820
861     943
1353    861
1558    205
328     1230
1066    738
410     287
492     984
1107    779
492     1230
1148    1148
1599    410
164     779
615     820
1558    902
205     246
984     984
820     1353
943     779
123     492
492     943
